; code      glat      glon       mlat    mlon
288
$CARISMA
ANNA       42.417    276.098    52.88    349.51
CONT       65.754    248.750    72.82    304.82
DAWS       64.048    220.890    65.90    273.89
ESKI       61.106    265.950    70.52    333.15
FCHU       58.763    265.920    68.32    333.54
FSIM       61.756    238.770    67.23    294.29
FSMI       60.017    248.050    67.28    306.90
GILL       56.376    265.360    66.03    333.05
GULL       50.061    251.739    58.20    314.92
ISLL       53.856    265.340    63.62    333.36
MCMU       56.657    248.790    64.17    309.20
MSTK       53.351    247.026    60.61    307.99
OSAK       45.871    264.917    55.81    333.20
PINA       50.199    263.960    59.98    331.75
RABB       58.222    256.320    66.85    319.11
RANK       62.824    267.890    72.22    335.97
TALO       69.540    266.450    78.28    330.93
THRF       48.027    263.635    57.82    331.49
$IMAGE
NAL        78.92      11.95     75.25    112.08
LYR        78.20      15.82     75.12    113.00
HOR        77.00      15.60     74.13    109.59
HOP        76.51      25.01     73.06    115.10
BJN        74.50      19.20     71.45    108.07
SOR        70.54      22.22     67.34    106.17
ALT        69.86      22.96     66.41    106.70
KEV        69.76      27.01     66.32    109.24
TRO        69.66      18.94     66.64    102.90
MAS        69.46      23.70     66.45    106.42
AND        69.30      16.03     65.88    100.37
KAU        69.02      23.05     65.55    106.08
KIL        69.02      20.79     65.67    104.34
IVA        68.56      27.29     65.10    108.57
ABK        68.35      18.82     65.30    101.75
LEK        68.13      13.54     65.40     97.50
MUO        68.02      23.53     64.72    105.22
LOZ        67.97      35.08     64.23    114.49
KIR        67.84      20.42     64.69    102.64
SOD        67.37      26.63     63.92    107.26
PEL        66.90      24.08     63.55    104.92
RVK        64.94      10.98     62.23     93.31
LYC        64.61      18.75     61.44     99.29
OUJ        64.52      27.23     60.78    106.48
MEK        62.77      30.97     59.10    108.45
HAN        62.25      26.60     58.47    104.85
DOB        62.07       9.11     59.29     90.20
NUR        60.50      24.65     56.74    102.47
UPS        59.90      17.35     56.42     96.19
KAR        59.21       5.24     56.43     85.67
TAR        58.26      26.46     54.47    102.89
$GREENLAND
THL        77.47     290.77     84.97     29.68
SVS        76.02     294.90     83.24     33.04
KUV        74.57     302.82     80.87     42.03
UPN        72.78     303.85     79.12     40.01
UMQ        70.68     307.87     76.53     42.26
GDH        69.25     306.47     75.40     38.93
ATU        67.93     306.43     74.13     37.71
STF        67.02     309.28     72.74     40.51
SKT        65.42     307.10     71.55     36.87
GHB        64.17     308.27     70.11     37.50
FHB        62.00     310.32     67.56     38.72
NAQ        61.16     314.56     65.85     42.97
NRD        81.60     343.33     81.11    103.10
DMH        76.77     341.37     77.27     85.00
DNB        74.30     339.78     75.13     78.64
SCO        70.48     338.03     71.50     71.73
AMK        65.60     322.37     68.99     53.39
$SAMNET
BOR        58.03      38.33     53.87    113.40
CRK        57.09     357.36     54.83     78.95
ESK        55.32     356.80     52.89     77.76
FAR        62.05     352.98     60.74     78.09
HAD        50.99     355.52     47.91     75.14
HAN        62.25      26.60     58.47    104.85
HLL        63.77     339.44     64.49     68.46
KIL        69.02      20.79     65.67    104.34
LER        60.13     358.82     58.03     81.57
NUR        60.50      24.65     56.74    102.47
OUJ        64.52      27.23     60.78    106.48
UPS        59.90      17.35     56.42     96.19
YOR        53.95     358.95     51.11     78.92
$ANTARCTICA
DRL       -77.52     336.57    -63.49     30.06
BOB       -79.67     335.88    -65.20     28.71
EDM       -80.89     337.75    -66.32     28.68
MIG       -81.50       3.00    -68.61     36.44
BAL       -82.89     347.75    -68.51     30.11
RIC       -84.35     336.14    -69.14     25.58
MEL       -85.35       2.06    -71.12     29.70
BIS       -85.38      95.97    -77.64     30.05
HEA       -86.99      28.41    -73.31     28.80
JIM       -86.51      68.17    -75.45     30.60
WHI       -88.02     316.13    -72.09     19.60
$GIMA
HOME       59.70     209.53     59.27    265.57
HLMS       61.24     210.13     60.97    265.29
$JAPMAG
MMB        43.91     144.19     37.15    215.75
HTY        33.07     139.82     26.10    211.59
KAK        36.23     140.19     29.35    212.04
KNY        31.42     130.88     24.76    203.07
$SAMBA
PUT       -18.33     -69.50     -5.50      1.44
ANT       -23.39     -70.24    -10.31      0.72
SER       -30.00     -71.13    -16.55      0.17
CER       -33.45     -70.60    -19.80      0.75
VLD       -39.48     -73.14    -25.58    359.60
OSO       -40.34     -73.09    -26.39    359.73
PNT       -52.13     -70.90    -37.58      1.59
PAC       -53.20     -70.90    -38.27      2.87
ESC       -62.18     -58.92    -47.17     11.45
OHI       -63.32     -57.90    -48.80     12.43
PAL       -64.77     -64.05    -49.74      9.20
$INTERMAGNET
AAA        43.20     76.90      0.00      0.00
AAE         9.00     38.80      0.00      0.00
ABG        18.60     72.90      0.00      0.00
ABK        68.40     18.70      0.00      0.00
AIA       -65.30    295.70      0.00      0.00
ALE        82.50    297.60      0.00      0.00
AMS       -37.80     77.60      0.00      0.00
API       -13.80    188.20      0.00      0.00
AQU        42.40     13.30      0.00      0.00
ASC        -7.90    345.60      0.00      0.00
ASP       -23.80    133.90      0.00      0.00
BDV        49.10     14.00      0.00      0.00
BEL        51.80     20.80      0.00      0.00
BFE        55.60     11.70      0.00      0.00
BFO        48.30      8.30      0.00      0.00
BLC        64.30    264.00      0.00      0.00
BMT        40.30    116.20      0.00      0.00
BNG         4.30     18.60      0.00      0.00
BOU        40.10    254.80      0.00      0.00
BOX        58.00     39.00      0.00      0.00
BRW        71.30    203.40      0.00      0.00
BSL        30.40    270.40      0.00      0.00
CBB        69.10    255.00      0.00      0.00
CLF        48.00      2.30      0.00      0.00
CMO        64.90    212.20      0.00      0.00
CNB       -35.30    149.30      0.00      0.00
CTA       -20.10    146.30      0.00      0.00
CZT       -46.40     51.90      0.00      0.00
DLR        29.30    259.20      0.00      0.00
DOU        50.10      4.60      0.00      0.00
DRV       -66.70    140.00      0.00      0.00
EBR        40.80      0.50      0.00      0.00
ESK        55.30    356.80      0.00      0.00
EYR       -43.30    172.30      0.00      0.00
FCC        58.80    265.90      0.00      0.00
FRD        38.20    282.60      0.00      0.00
FRN        37.10    240.30      0.00      0.00
FUR        48.30     11.30      0.00      0.00
GCK        44.60     20.80      0.00      0.00
GDH        69.20    306.50      0.00      0.00
GLN        49.60    262.90      0.00      0.00
GNA       -31.80    116.00      0.00      0.00
GUA        13.60    144.90      0.00      0.00
GUI        28.30    343.60      0.00      0.00
GZH        23.00    112.50      0.00      0.00
HAD        51.00    355.50      0.00      0.00
HBK       -25.90     27.70      0.00      0.00
HER       -34.40     19.20      0.00      0.00
HLP        54.60     18.80      0.00      0.00
HON        21.30    202.00      0.00      0.00
HRB        47.90     18.20      0.00      0.00
HRN        77.00     15.60      0.00      0.00
HUA       -12.10    284.70      0.00      0.00
HYB        17.40     78.60      0.00      0.00
IQA        63.70    291.50      0.00      0.00
IRT        52.30    104.50      0.00      0.00
ISK        41.10     29.10      0.00      0.00
IZN        40.50     29.70      0.00      0.00
KAK        36.20    140.20      0.00      0.00
KDU       -12.60    132.50      0.00      0.00
KMH        26.50     18.10      0.00      0.00
KNY        31.40    130.90      0.00      0.00
KOU         5.20    307.30      0.00      0.00
LER        60.10    358.80      0.00      0.00
LNP        25.00    121.20      0.00      0.00
LOV        59.30     17.20      0.00      0.00
LRM       -22.20    114.10      0.00      0.00
LVV        49.90     23.80      0.00      0.00
LYC        64.60     18.80      0.00      0.00
LZH        36.10    103.80      0.00      0.00
MAB        50.30      5.70      0.00      0.00
MAW       -67.50     62.90      0.00      0.00
MBC        76.30    240.60      0.00      0.00
MBO        14.40    343.00      0.00      0.00
MCQ       -54.50    158.80      0.00      0.00
MEA        54.60    246.70      0.00      0.00
MGD        60.10    150.10      0.00      0.00
MID        28.20    182.60      0.00      0.00
MMB        43.90    144.20      0.00      0.00
NAQ        61.20    314.60      0.00      0.00
NCK        47.60     16.70      0.00      0.00
NEW        48.30    242.90      0.00      0.00
NGK        54.10     12.70      0.00      0.00
NUR        60.50     24.60      0.00      0.00
NVS        54.90     83.30      0.00      0.00
OTT        45.40    284.50      0.00      0.00
PAF       -49.40     70.30      0.00      0.00
PAG        42.50     24.20      0.00      0.00
PBQ        55.30    282.20      0.00      0.00
PHU        21.00    106.00      0.00      0.00
PPT       -17.60    210.40      0.00      0.00
PST       -51.70    302.10      0.00      0.00
QSB        33.90     35.60      0.00      0.00
RES        74.70    265.10      0.00      0.00
SBA       -77.80    166.80      0.00      0.00
SFS        36.70    354.10      0.00      0.00
SHU        55.40    199.50      0.00      0.00
SIT        57.10    224.70      0.00      0.00
SJG        18.10    293.80      0.00      0.00
SOD        67.40     26.60      0.00      0.00
SPT        39.50    355.60      0.00      0.00
STJ        47.60    307.30      0.00      0.00
SUA        44.70     26.30      0.00      0.00
TAM        22.80      5.50      0.00      0.00
TAN       -18.90     47.30      0.00      0.00
TEO        19.80    260.80      0.00      0.00
THL        77.50    290.70      0.00      0.00
THY        43.10     17.90      0.00      0.00
TIK        71.60    129.00      0.00      0.00
TRW       -43.30    294.70      0.00      0.00
TSU       -19.20     17.60      0.00      0.00
TUC        32.20    249.20      0.00      0.00
UPS        59.90     17.40      0.00      0.00
VAL        51.90    349.80      0.00      0.00
VIC        48.50    236.60      0.00      0.00
VSS       -22.40    316.40      0.00      0.00
WNG        53.80      9.10      0.00      0.00
YKC        62.50    245.50      0.00      0.00
$MACCS
NAN        56.4      298.3      64.2      22.0
PGG        66.1      294.2      74.2      19.4
CRV        70.5      291.4      78.7      17.6
IQA        63.8      291.5      72.3      14.6
CDR        64.2      283.4      73.5       1.7
IGL        69.3      278.2      78.5     352.9
CHB        64.19     276.65     73.7     350.5
RBY        66.52     273.77     76.0     345.0
PEB        68.54     270.21     77.7     338.1
BLC        64.3      264.0      73.5     328.6
GJO        68.63     264.15     77.5     326.6
RES        74.7      265.0      83.0     321.6
CBB        69.1      255.0      76.9     310.6
$NIPR
TJO        66.20     -17.12     66.47     72.22
AED        66.06     337.60     67.09     67.81
HUS        64.40     338.98     65.10     67.72
$GBM_THEMIS
CDRT       64.2      283.4      73.5       1.7
CRVR       70.5      291.4      78.7      17.6
ATHA       54.714    246.686    65.10     67.72
ARCT       68.133    214.433    65.10     67.72
BETT       66.901    208.446    65.10     67.72
BMLS       46.240    275.660    65.10     67.72
CCNV       39.190    240.220    65.10     67.72
CHBG       49.814    285.581    65.10     67.72
CIGO       64.874    212.141    65.10     67.72
DRBY       44.950    287.870    65.10     67.72
EAGL       64.780    218.838    65.10     67.72
FSIM       61.762    238.779    65.10     67.72
FSMI       59.984    248.158    65.10     67.72
FYTS       46.090    259.350    65.10     67.72
FYKN       66.560    214.786    65.10     67.72
GAKO       62.407    214.842    65.10     67.72
GBAY       53.316    299.540    65.10     67.72
GILL       56.35     265.34     65.10     67.72
HOML       61.235    210.133    65.10     67.72
HOMR       59.658    208.349    65.10     67.72
HOTS       47.590    245.340    65.10     67.72
INUV       68.413    226.230    65.10     67.72
KAKO       70.135    216.353    65.10     67.72
KAPU       49.392    277.680    65.10     67.72
KIAN       66.971    199.562    65.10     67.72
KUUJ       58.155    291.468    65.10     67.72
LOYS       40.170    281.620    65.10     67.72
MCGR       62.953    204.404    65.10     67.72
NAIN       56.400    298.300    63.80     22.11
NRSQ       61.162    314.558    65.10     67.72
PANG       66.100    294.200    73.88     19.39
PGEO       53.815    237.172    65.10     67.72
POKR       65.119    212.567    65.10     67.72
PINA       50.16     263.93     65.10     67.72
PINE       43.110    257.400    65.10     67.72
PTRS       56.830    226.840    65.10     67.72
RANK       62.83     267.89     65.10     67.72
RBAY       66.52     273.77     76.00    345.0
RMUS       43.600    274.840    65.10     67.72
SNAP       63.580    249.130    65.10     67.72
SNKQ       56.54     280.77     65.10     67.72
SWNO       44.780    271.400    65.10     67.72
TALO       69.541    266.446    65.10     67.72
TPAS       53.994    259.059    65.10     67.72
TRAP       62.335    209.754    65.10     67.72
UKIA       45.130    241.070    65.10     67.72
WHIT       61.010    224.777    65.10     67.72
